0,278
0,391
0,390
0,389
0,388
0,387
0,386
0,385
0,384
0,319
0,318
29,3
29,2
29,1
29,0
0,317
0,243
28,3
28,2
0,9
28,1
28,0
27,52
27,51
27,50
27,49
27,48
27,47
27,46
27,45
27,44
27,43
27,42
27,41
27,40
27,39
27,38
27,37
27,36
27,35
24,4
24,1
24,3
3,1
3,3
10,4
10,172
10,28
10,34
10,230
10,148
10,180
11,14
11,18
11,7
11,12
9,7
9,4
9,6
8,11
8,7
8,4
8,14
20,3
20,2
20,1
12,3
12,2
12,1
11,30
11,29
11,28
11,27
19,2
19,1
11,26
11,25
11,24
11,23
11,22
11,21
19,3
11,20
11,19
11,13
11,10
11,3
11,2
11,1
10,317
10,316
10,315
